fecha	objective	metric	first_metric_only	boost_from_average	feature_pre_filter	verbosity	max_depth	min_gain_to_split	lambda_l1	lambda_l2	max_bin	num_iterations	force_row_wise	seed	learning_rate	feature_fraction	min_data_in_leaf	num_leaves	envios	ganancia	iteracion
20220925 025956	binary	custom	TRUE	TRUE	FALSE	-100	-1	0	0	0	31	38	TRUE	838609	0.134210691363143	0.546768869776279	3473	403	8822	25640000	1
20220925 030031	binary	custom	TRUE	TRUE	FALSE	-100	-1	0	0	0	31	19	TRUE	838609	0.17935590311914	0.619328557914123	1179	154	10047	25110000	2
20220925 030111	binary	custom	TRUE	TRUE	FALSE	-100	-1	0	0	0	31	103	TRUE	838609	0.194514189256995	0.707598880305886	6612	575	6252	24860000	3
20220925 030139	binary	custom	TRUE	TRUE	FALSE	-100	-1	0	0	0	31	32	TRUE	838609	0.203186886259646	0.94699599343352	2269	479	9024	25320000	4
20220925 030307	binary	custom	TRUE	TRUE	FALSE	-100	-1	0	0	0	31	136	TRUE	838609	0.0618027940476895	0.258201211709529	1460	767	12784	2.5e+07	5
20220925 030349	binary	custom	TRUE	TRUE	FALSE	-100	-1	0	0	0	31	73	TRUE	838609	0.265749254219292	0.470698601379991	3147	547	9626	26190000	6
20220925 030425	binary	custom	TRUE	TRUE	FALSE	-100	-1	0	0	0	31	95	TRUE	838609	0.0463393409026903	0.678520246474072	5783	227	7626	26030000	7
20220925 030502	binary	custom	TRUE	TRUE	FALSE	-100	-1	0	0	0	31	96	TRUE	838609	0.0996477945121587	0.565966473286971	6333	285	13889	24550000	8
20220925 030520	binary	custom	TRUE	TRUE	FALSE	-100	-1	0	0	0	31	36	TRUE	838609	0.148909981201636	0.82805982530117	5526	705	8139	25650000	9
20220925 030543	binary	custom	TRUE	TRUE	FALSE	-100	-1	0	0	0	31	69	TRUE	838609	0.288307425421022	0.360583180403337	7195	1005	12000	25200000	10
20220925 030619	binary	custom	TRUE	TRUE	FALSE	-100	-1	0	0	0	31	20	TRUE	838609	0.153178921703424	0.779579925686121	685	820	12359	23610000	11
20220925 030948	binary	custom	TRUE	TRUE	FALSE	-100	-1	0	0	0	31	859	TRUE	838609	0.0121237505190657	0.294239447107539	7247	643	6670	25060000	12
20220925 031023	binary	custom	TRUE	TRUE	FALSE	-100	-1	0	0	0	31	35	TRUE	838609	0.118914890694024	0.497663195403293	1656	110	10651	26540000	13
20220925 031042	binary	custom	TRUE	TRUE	FALSE	-100	-1	0	0	0	31	53	TRUE	838609	0.223811749669781	0.865514380438253	4897	182	5260	23640000	14
20220925 031138	binary	custom	TRUE	TRUE	FALSE	-100	-1	0	0	0	31	186	TRUE	838609	0.0770551685625687	0.418102180445567	4253	936	13070	25060000	15
20220925 031158	binary	custom	TRUE	TRUE	FALSE	-100	-1	0	0	0	31	80	TRUE	838609	0.278772279955272	0.896525441119447	7815	898	11235	25290000	16
20220925 031857	binary	custom	TRUE	TRUE	FALSE	-100	-1	0	0	0	31	339	TRUE	838609	0.0200510760849575	0.73746889013797	218	462	5841	25760000	17
20220925 031921	binary	custom	TRUE	TRUE	FALSE	-100	-1	0	0	0	31	69	TRUE	838609	0.253345456303621	0.220087529877201	3719	39	14287	22870000	18
20220925 031955	binary	custom	TRUE	TRUE	FALSE	-100	-1	0	0	0	31	124	TRUE	838609	0.232215600115189	0.358565395819023	4748	866	7382	24600000	19
20220925 032023	binary	custom	TRUE	TRUE	FALSE	-100	-1	0	0	0	31	55	TRUE	838609	0.0926936782968114	0.994403510214761	2566	322	14749	23070000	20
20220925 032056	binary	custom	TRUE	TRUE	FALSE	-100	-1	0	0	0	31	67	TRUE	838609	0.093722135077991	0.449192489945348	3865	124	10118	25850000	21
20220925 032126	binary	custom	TRUE	TRUE	FALSE	-100	-1	0	0	0	31	85	TRUE	838609	0.121717987273294	0.562755998944884	333	16	10666	25390000	22
20220925 032208	binary	custom	TRUE	TRUE	FALSE	-100	-1	0	0	0	31	107	TRUE	838609	0.0848087196309587	0.22207232043738	2130	278	10756	25930000	23
20220925 032244	binary	custom	TRUE	TRUE	FALSE	-100	-1	0	0	0	31	70	TRUE	838609	0.104937199178408	0.24382313120744	1693	148	10790	26020000	24
20220925 032321	binary	custom	TRUE	TRUE	FALSE	-100	-1	0	0	0	31	106	TRUE	838609	0.113937919705494	0.819729200780923	2170	112	10633	25860000	25
20220925 032351	binary	custom	TRUE	TRUE	FALSE	-100	-1	0	0	0	31	39	TRUE	838609	0.114484426995506	0.485278211721002	2366	264	10773	26380000	26
20220925 032442	binary	custom	TRUE	TRUE	FALSE	-100	-1	0	0	0	31	76	TRUE	838609	0.062180809493756	0.499700122572959	1756	291	10464	26360000	27
20220925 032502	binary	custom	TRUE	TRUE	FALSE	-100	-1	0	0	0	31	36	TRUE	838609	0.292004610962891	0.546649480287184	5546	453	9722	25280000	28
20220925 032700	binary	custom	TRUE	TRUE	FALSE	-100	-1	0	0	0	31	395	TRUE	838609	0.0278743699907972	0.709609442395907	2007	156	7587	26510000	29
20220925 033206	binary	custom	TRUE	TRUE	FALSE	-100	-1	0	0	0	31	398	TRUE	838609	0.024183899947567	0.608721423886742	81	257	8400	26080000	30
20220925 033233	binary	custom	TRUE	TRUE	FALSE	-100	-1	0	0	0	31	26	TRUE	838609	0.125005982374874	0.478745816033694	2158	163	10715	25850000	31
20220925 033319	binary	custom	TRUE	TRUE	FALSE	-100	-1	0	0	0	31	51	TRUE	838609	0.0637358637200754	0.483950615473127	1539	103	10375	26450000	32
20220925 033504	binary	custom	TRUE	TRUE	FALSE	-100	-1	0	0	0	31	344	TRUE	838609	0.0362720771585172	0.615036111163606	2503	233	7972	25820000	33
20220925 033943	binary	custom	TRUE	TRUE	FALSE	-100	-1	0	0	0	31	556	TRUE	838609	0.0284790406685719	0.576863082228205	1274	116	7815	26690000	34
20220925 034035	binary	custom	TRUE	TRUE	FALSE	-100	-1	0	0	0	31	86	TRUE	838609	0.0777068844200316	0.511879583094585	1620	109	8441	26240000	35
20220925 034647	binary	custom	TRUE	TRUE	FALSE	-100	-1	0	0	0	31	506	TRUE	838609	0.010187342261257	0.665784070217216	579	139	7489	26790000	36
20220925 035455	binary	custom	TRUE	TRUE	FALSE	-100	-1	0	0	0	31	633	TRUE	838609	0.00542260249767738	0.455305983752966	1112	140	7279	26490000	37
20220925 040129	binary	custom	TRUE	TRUE	FALSE	-100	-1	0	0	0	31	673	TRUE	838609	0.00868187110155335	0.840849414316402	1056	117	7534	26860000	38
20220925 040254	binary	custom	TRUE	TRUE	FALSE	-100	-1	0	0	0	31	147	TRUE	838609	0.0415001386623149	0.772706707101106	785	111	7291	26860000	39
20220925 040916	binary	custom	TRUE	TRUE	FALSE	-100	-1	0	0	0	31	781	TRUE	838609	0.00580855609615076	0.709129286506955	1340	85	7483	26080000	40
20220925 041134	binary	custom	TRUE	TRUE	FALSE	-100	-1	0	0	0	31	232	TRUE	838609	0.0454841590244693	0.862700542846723	709	128	7597	26890000	41
20220925 041328	binary	custom	TRUE	TRUE	FALSE	-100	-1	0	0	0	31	201	TRUE	838609	0.0353879744390422	0.849427338298736	122	125	7363	25840000	42
20220925 041619	binary	custom	TRUE	TRUE	FALSE	-100	-1	0	0	0	31	373	TRUE	838609	0.0251563643307079	0.804034886714575	925	172	7769	26550000	43
20220925 041654	binary	custom	TRUE	TRUE	FALSE	-100	-1	0	0	0	31	41	TRUE	838609	0.171854897551962	0.687795955825655	838	122	7566	25830000	44
20220925 041815	binary	custom	TRUE	TRUE	FALSE	-100	-1	0	0	0	31	161	TRUE	838609	0.0507321843624585	0.686941830809433	1003	132	7565	26310000	45
20220925 042144	binary	custom	TRUE	TRUE	FALSE	-100	-1	0	0	0	31	743	TRUE	838609	0.006247920836156	0.847378448535317	766	19	5423	24760000	46
20220925 042823	binary	custom	TRUE	TRUE	FALSE	-100	-1	0	0	0	31	822	TRUE	838609	0.00807481007275282	0.843478793557313	741	114	7848	26870000	47
20220925 043050	binary	custom	TRUE	TRUE	FALSE	-100	-1	0	0	0	31	228	TRUE	838609	0.0194484449180387	0.868361104313663	708	120	7192	26500000	48
20220925 043629	binary	custom	TRUE	TRUE	FALSE	-100	-1	0	0	0	31	463	TRUE	838609	0.012199817216609	0.564186354335561	668	271	7227	26430000	49
20220925 043711	binary	custom	TRUE	TRUE	FALSE	-100	-1	0	0	0	31	90	TRUE	838609	0.104840283222487	0.510156086810504	2866	515	10882	2.6e+07	50
20220925 043911	binary	custom	TRUE	TRUE	FALSE	-100	-1	0	0	0	31	159	TRUE	838609	0.0259461199075715	0.581897495388427	596	107	7697	26450000	51
20220925 044058	binary	custom	TRUE	TRUE	FALSE	-100	-1	0	0	0	31	188	TRUE	838609	0.0448451160665007	0.823955013843476	754	103	7593	26900000	52
20220925 044152	binary	custom	TRUE	TRUE	FALSE	-100	-1	0	0	0	31	160	TRUE	838609	0.0597106060090709	0.905112604644801	1104	47	7743	26520000	53
20220925 044851	binary	custom	TRUE	TRUE	FALSE	-100	-1	0	0	0	31	714	TRUE	838609	0.0161505849834297	0.764198947183024	617	154	7541	2.7e+07	54
20220925 045528	binary	custom	TRUE	TRUE	FALSE	-100	-1	0	0	0	31	597	TRUE	838609	0.00790110309973168	0.775484922770422	784	282	7456	26450000	55
20220925 050133	binary	custom	TRUE	TRUE	FALSE	-100	-1	0	0	0	31	923	TRUE	838609	0.00718314803434206	0.925069346690607	1658	198	7918	25930000	56
20220925 050421	binary	custom	TRUE	TRUE	FALSE	-100	-1	0	0	0	31	323	TRUE	838609	0.00960468949285342	0.421469615319993	1091	17	8067	26590000	57
20220925 050709	binary	custom	TRUE	TRUE	FALSE	-100	-1	0	0	0	31	378	TRUE	838609	0.0111855563137081	0.293395348607513	1965	18	7806	27030000	58
20220925 050750	binary	custom	TRUE	TRUE	FALSE	-100	-1	0	0	0	31	55	TRUE	838609	0.0618785682085986	0.424903668350974	1952	31	7847	26150000	59
20220925 051108	binary	custom	TRUE	TRUE	FALSE	-100	-1	0	0	0	31	407	TRUE	838609	0.0151966871261602	0.257055870834301	1251	462	7626	26830000	60
20220925 051227	binary	custom	TRUE	TRUE	FALSE	-100	-1	0	0	0	31	139	TRUE	838609	0.0433903867951335	0.951165473055325	1381	293	7366	26390000	61
20220925 051604	binary	custom	TRUE	TRUE	FALSE	-100	-1	0	0	0	31	350	TRUE	838609	0.014103955553953	0.851843959741915	886	200	7652	26860000	62
20220925 051827	binary	custom	TRUE	TRUE	FALSE	-100	-1	0	0	0	31	447	TRUE	838609	0.0162706079494046	0.383357794801866	1133	16	7550	26740000	63
20220925 052245	binary	custom	TRUE	TRUE	FALSE	-100	-1	0	0	0	31	675	TRUE	838609	0.0123761093673193	0.245355081103734	1537	133	11572	26140000	64
20220925 052706	binary	custom	TRUE	TRUE	FALSE	-100	-1	0	0	0	31	683	TRUE	838609	0.00998289652381422	0.227072113019727	1892	332	7541	26520000	65
20220925 052847	binary	custom	TRUE	TRUE	FALSE	-100	-1	0	0	0	31	119	TRUE	838609	0.0215426682333896	0.285242738037744	1698	529	7855	27090000	66
20220925 052929	binary	custom	TRUE	TRUE	FALSE	-100	-1	0	0	0	31	56	TRUE	838609	0.100224939272658	0.504094669519498	1672	239	10380	26200000	67
20220925 053129	binary	custom	TRUE	TRUE	FALSE	-100	-1	0	0	0	31	182	TRUE	838609	0.0168846226601317	0.283145061057143	1617	303	7865	26670000	68
20220925 053252	binary	custom	TRUE	TRUE	FALSE	-100	-1	0	0	0	31	154	TRUE	838609	0.0254357527239174	0.228467885369822	1964	659	7777	26930000	69
20220925 053453	binary	custom	TRUE	TRUE	FALSE	-100	-1	0	0	0	31	210	TRUE	838609	0.0235297811656669	0.309149141227578	1248	798	7485	26790000	70
20220925 053609	binary	custom	TRUE	TRUE	FALSE	-100	-1	0	0	0	31	162	TRUE	838609	0.0220797352338078	0.302663801448313	2115	21	7727	26630000	71
20220925 053752	binary	custom	TRUE	TRUE	FALSE	-100	-1	0	0	0	31	200	TRUE	838609	0.0228495446308644	0.281724632945725	1821	669	8938	26850000	72
20220925 054125	binary	custom	TRUE	TRUE	FALSE	-100	-1	0	0	0	31	264	TRUE	838609	0.01127953278062	0.823274079007574	796	125	12368	25510000	73
20220925 054410	binary	custom	TRUE	TRUE	FALSE	-100	-1	0	0	0	31	403	TRUE	838609	0.0108340559890601	0.346200796260246	2578	23	7751	27060000	74
20220925 054638	binary	custom	TRUE	TRUE	FALSE	-100	-1	0	0	0	31	282	TRUE	838609	0.0113068936126416	0.413940351244761	2229	25	7588	26670000	75
20220925 054955	binary	custom	TRUE	TRUE	FALSE	-100	-1	0	0	0	31	559	TRUE	838609	0.0104203315842464	0.276082766046618	2746	18	8365	27110000	76
20220925 055445	binary	custom	TRUE	TRUE	FALSE	-100	-1	0	0	0	31	823	TRUE	838609	0.00616907033367948	0.278044247856149	2672	18	7871	26820000	77
20220925 055753	binary	custom	TRUE	TRUE	FALSE	-100	-1	0	0	0	31	646	TRUE	838609	0.011703749596626	0.301169215127431	2557	18	9516	26810000	78
20220925 060030	binary	custom	TRUE	TRUE	FALSE	-100	-1	0	0	0	31	365	TRUE	838609	0.0118279848946405	0.310473565149601	3027	32	7902	27080000	79
20220925 060221	binary	custom	TRUE	TRUE	FALSE	-100	-1	0	0	0	31	310	TRUE	838609	0.0119643303024875	0.807458383663752	493	25	7976	26770000	80
20220925 060321	binary	custom	TRUE	TRUE	FALSE	-100	-1	0	0	0	31	72	TRUE	838609	0.0422057579525071	0.763120642533975	861	94	9024	26680000	81
20220925 060411	binary	custom	TRUE	TRUE	FALSE	-100	-1	0	0	0	31	27	TRUE	838609	0.063349350233563	0.800439657931732	726	263	9373	25820000	82
20220925 060549	binary	custom	TRUE	TRUE	FALSE	-100	-1	0	0	0	31	206	TRUE	838609	0.0208270731008779	0.296621120153738	2657	813	7999	26730000	83
20220925 060702	binary	custom	TRUE	TRUE	FALSE	-100	-1	0	0	0	31	89	TRUE	838609	0.0278443783461941	0.320207957791001	1741	582	8028	27070000	84
20220925 060728	binary	custom	TRUE	TRUE	FALSE	-100	-1	0	0	0	31	29	TRUE	838609	0.117102209011154	0.495161755077536	3524	125	5077	23530000	85
20220925 060855	binary	custom	TRUE	TRUE	FALSE	-100	-1	0	0	0	31	142	TRUE	838609	0.0272180758708804	0.225253708746642	1383	535	8145	26830000	86
20220925 061038	binary	custom	TRUE	TRUE	FALSE	-100	-1	0	0	0	31	200	TRUE	838609	0.0234838926165942	0.315007545019697	1804	580	8028	26830000	87
20220925 061156	binary	custom	TRUE	TRUE	FALSE	-100	-1	0	0	0	31	129	TRUE	838609	0.0301777341184175	0.306675959772535	1722	593	7434	26100000	88
20220925 061400	binary	custom	TRUE	TRUE	FALSE	-100	-1	0	0	0	31	284	TRUE	838609	0.0276744062396872	0.447165383519016	1803	741	8941	26440000	89
20220925 061559	binary	custom	TRUE	TRUE	FALSE	-100	-1	0	0	0	31	184	TRUE	838609	0.0205179894350426	0.259067424511639	1232	868	7865	27070000	90
20220925 061829	binary	custom	TRUE	TRUE	FALSE	-100	-1	0	0	0	31	341	TRUE	838609	0.0124465705225161	0.26081751862313	2646	140	7962	26800000	91
20220925 061944	binary	custom	TRUE	TRUE	FALSE	-100	-1	0	0	0	31	148	TRUE	838609	0.0274910338421024	0.287971582214356	2558	413	8357	26650000	92
20220925 062120	binary	custom	TRUE	TRUE	FALSE	-100	-1	0	0	0	31	128	TRUE	838609	0.0208562902749981	0.271542131935685	1511	671	7714	26740000	93
20220925 062339	binary	custom	TRUE	TRUE	FALSE	-100	-1	0	0	0	31	212	TRUE	838609	0.0216709172529741	0.262888674875412	956	989	8225	26670000	94
20220925 062527	binary	custom	TRUE	TRUE	FALSE	-100	-1	0	0	0	31	258	TRUE	838609	0.0211455731736936	0.200144874913623	1919	332	9219	26290000	95
20220925 062801	binary	custom	TRUE	TRUE	FALSE	-100	-1	0	0	0	31	258	TRUE	838609	0.0173743461209416	0.659127349043243	1080	765	7918	26410000	96
20220925 063055	binary	custom	TRUE	TRUE	FALSE	-100	-1	0	0	0	31	365	TRUE	838609	0.00987042862910929	0.334193044090482	3300	197	8730	26700000	97
20220925 063328	binary	custom	TRUE	TRUE	FALSE	-100	-1	0	0	0	31	252	TRUE	838609	0.0429609066433572	0.770934823229396	599	734	7891	26860000	98
20220925 063549	binary	custom	TRUE	TRUE	FALSE	-100	-1	0	0	0	31	192	TRUE	838609	0.0429541953480797	0.632958944122384	445	207	8001	26640000	99
20220925 063740	binary	custom	TRUE	TRUE	FALSE	-100	-1	0	0	0	31	134	TRUE	838609	0.0453896520651083	0.814324351458972	564	426	6223	26040000	100
20220925 064029	binary	custom	TRUE	TRUE	FALSE	-100	-1	0	0	0	31	332	TRUE	838609	0.0417302106282724	0.87619608281833	684	356	8060	26680000	101
20220925 064127	binary	custom	TRUE	TRUE	FALSE	-100	-1	0	0	0	31	189	TRUE	838609	0.0699817715198179	0.518301349545238	2229	17	9723	26800000	102
20220925 064154	binary	custom	TRUE	TRUE	FALSE	-100	-1	0	0	0	31	51	TRUE	838609	0.0672512081936853	0.690578893416671	2041	19	8497	26450000	103
20220925 064313	binary	custom	TRUE	TRUE	FALSE	-100	-1	0	0	0	31	223	TRUE	838609	0.0698033830406134	0.366003750514686	1844	542	9461	26280000	104
20220925 064354	binary	custom	TRUE	TRUE	FALSE	-100	-1	0	0	0	31	58	TRUE	838609	0.0655378151094152	0.51124148762249	2956	82	9689	25910000	105
20220925 064651	binary	custom	TRUE	TRUE	FALSE	-100	-1	0	0	0	31	518	TRUE	838609	0.0102971018783538	0.304259489766452	2884	18	7863	2.7e+07	106
20220925 064919	binary	custom	TRUE	TRUE	FALSE	-100	-1	0	0	0	31	371	TRUE	838609	0.0113495342216294	0.344350643350235	2772	17	8509	26910000	107
20220925 065434	binary	custom	TRUE	TRUE	FALSE	-100	-1	0	0	0	31	852	TRUE	838609	0.0101377522992896	0.973796013893429	670	79	7669	26750000	108
20220925 065508	binary	custom	TRUE	TRUE	FALSE	-100	-1	0	0	0	31	33	TRUE	838609	0.0731134078215572	0.624436389171847	1890	127	10400	26320000	109
20220925 065722	binary	custom	TRUE	TRUE	FALSE	-100	-1	0	0	0	31	347	TRUE	838609	0.0150213869677135	0.325759693598248	3873	109	7850	27020000	110
20220925 070002	binary	custom	TRUE	TRUE	FALSE	-100	-1	0	0	0	31	425	TRUE	838609	0.0115440635156283	0.278263421772138	3641	22	7925	26390000	111
20220925 070205	binary	custom	TRUE	TRUE	FALSE	-100	-1	0	0	0	31	270	TRUE	838609	0.0159507493629214	0.334938284386586	3241	34	7802	26880000	112
20220925 070353	binary	custom	TRUE	TRUE	FALSE	-100	-1	0	0	0	31	262	TRUE	838609	0.0178639976181994	0.3408188920678	4159	470	7944	26760000	113
20220925 070732	binary	custom	TRUE	TRUE	FALSE	-100	-1	0	0	0	31	429	TRUE	838609	0.00808382666290952	0.283357916505936	2351	114	8910	26580000	114
20220925 070951	binary	custom	TRUE	TRUE	FALSE	-100	-1	0	0	0	31	365	TRUE	838609	0.0153550505260215	0.319671626039845	3785	945	8476	27050000	115
20220925 071226	binary	custom	TRUE	TRUE	FALSE	-100	-1	0	0	0	31	477	TRUE	838609	0.0152455691535221	0.326724014998923	4040	213	9256	26690000	116
20220925 071443	binary	custom	TRUE	TRUE	FALSE	-100	-1	0	0	0	31	336	TRUE	838609	0.01476723363237	0.320911414648093	3298	412	7965	26870000	117
20220925 071749	binary	custom	TRUE	TRUE	FALSE	-100	-1	0	0	0	31	518	TRUE	838609	0.0107721742118642	0.222621895636612	3099	760	10014	26140000	118
20220925 071950	binary	custom	TRUE	TRUE	FALSE	-100	-1	0	0	0	31	220	TRUE	838609	0.0155816552546487	0.393950330012936	4055	929	7756	26250000	119
20220925 072148	binary	custom	TRUE	TRUE	FALSE	-100	-1	0	0	0	31	360	TRUE	838609	0.0212747590885929	0.284887981972218	3759	947	8690	26620000	120
20220925 072621	binary	custom	TRUE	TRUE	FALSE	-100	-1	0	0	0	31	497	TRUE	838609	0.0107389209641988	0.313257354396543	1097	141	7242	27040000	121
20220925 072739	binary	custom	TRUE	TRUE	FALSE	-100	-1	0	0	0	31	116	TRUE	838609	0.0270462230068862	0.271806195919058	1800	865	8904	26680000	122
20220925 072844	binary	custom	TRUE	TRUE	FALSE	-100	-1	0	0	0	31	83	TRUE	838609	0.0463600700429756	0.769419783514377	1009	519	8383	26360000	123
20220925 073050	binary	custom	TRUE	TRUE	FALSE	-100	-1	0	0	0	31	348	TRUE	838609	0.016758228886303	0.289353177392032	3826	154	8452	26460000	124
20220925 073301	binary	custom	TRUE	TRUE	FALSE	-100	-1	0	0	0	31	261	TRUE	838609	0.0271571236610215	0.337150164954695	1222	366	8004	26560000	125
20220925 073547	binary	custom	TRUE	TRUE	FALSE	-100	-1	0	0	0	31	204	TRUE	838609	0.0132279768188261	0.301950770694489	1175	866	7916	26730000	126
20220925 073853	binary	custom	TRUE	TRUE	FALSE	-100	-1	0	0	0	31	615	TRUE	838609	0.0149174795861554	0.341288198550403	3925	91	6383	26040000	127
20220925 073942	binary	custom	TRUE	TRUE	FALSE	-100	-1	0	0	0	31	59	TRUE	838609	0.0694969965575276	0.539732896479394	1493	138	8864	26200000	128
20220925 074307	binary	custom	TRUE	TRUE	FALSE	-100	-1	0	0	0	31	618	TRUE	838609	0.00990885245860319	0.837405615419059	913	41	8219	26930000	129
20220925 074444	binary	custom	TRUE	TRUE	FALSE	-100	-1	0	0	0	31	111	TRUE	838609	0.0533681577063659	0.95234642446454	560	435	7785	26670000	130
20220925 074538	binary	custom	TRUE	TRUE	FALSE	-100	-1	0	0	0	31	111	TRUE	838609	0.0537014009001552	0.908788319016581	1830	231	7725	26150000	131
20220925 074633	binary	custom	TRUE	TRUE	FALSE	-100	-1	0	0	0	31	125	TRUE	838609	0.0751129928816401	0.450902976839096	2284	121	10032	26100000	132
20220925 074843	binary	custom	TRUE	TRUE	FALSE	-100	-1	0	0	0	31	353	TRUE	838609	0.0149298323124227	0.31631340713603	4734	508	8479	26570000	133
20220925 075046	binary	custom	TRUE	TRUE	FALSE	-100	-1	0	0	0	31	142	TRUE	838609	0.0183519583844028	0.290433455210747	1170	863	7928	27110000	134
20220925 075229	binary	custom	TRUE	TRUE	FALSE	-100	-1	0	0	0	31	134	TRUE	838609	0.0218495701644826	0.283919979362418	1723	791	8016	27170000	135
20220925 075313	binary	custom	TRUE	TRUE	FALSE	-100	-1	0	0	0	31	78	TRUE	838609	0.0682610520907857	0.616301403652258	2191	124	11218	26210000	136
20220925 075737	binary	custom	TRUE	TRUE	FALSE	-100	-1	0	0	0	31	380	TRUE	838609	0.0441092269894224	0.791369888440028	4	285	8350	24580000	137
20220925 075954	binary	custom	TRUE	TRUE	FALSE	-100	-1	0	0	0	31	285	TRUE	838609	0.0420785359146756	0.63960015636674	872	830	7719	26890000	138
20220925 080119	binary	custom	TRUE	TRUE	FALSE	-100	-1	0	0	0	31	100	TRUE	838609	0.0374240163839291	0.679537695231966	814	330	8344	26840000	139
20220925 080246	binary	custom	TRUE	TRUE	FALSE	-100	-1	0	0	0	31	441	TRUE	838609	0.04245034431821	0.678360078888712	1001	22	7847	26950000	140
20220925 080504	binary	custom	TRUE	TRUE	FALSE	-100	-1	0	0	0	31	663	TRUE	838609	0.0164644589095029	0.688591980417839	1012	18	7858	26850000	141
20220925 080638	binary	custom	TRUE	TRUE	FALSE	-100	-1	0	0	0	31	252	TRUE	838609	0.0375355062534434	0.717444429508555	1028	59	10715	26010000	142
20220925 080721	binary	custom	TRUE	TRUE	FALSE	-100	-1	0	0	0	31	72	TRUE	838609	0.116469048405702	0.446890584973562	1629	564	12335	25090000	143
20220925 080801	binary	custom	TRUE	TRUE	FALSE	-100	-1	0	0	0	31	57	TRUE	838609	0.1103217100005	0.494726270890086	1702	91	9571	26140000	144
20220925 081601	binary	custom	TRUE	TRUE	FALSE	-100	-1	0	0	0	31	326	TRUE	838609	0.0156009096731722	0.284242164562791	122	429	7457	26450000	145
20220925 081757	binary	custom	TRUE	TRUE	FALSE	-100	-1	0	0	0	31	133	TRUE	838609	0.0403434504892836	0.545685406476993	680	300	7865	26750000	146
20220925 081830	binary	custom	TRUE	TRUE	FALSE	-100	-1	0	0	0	31	62	TRUE	838609	0.118307020404953	0.325774717810754	1979	35	9551	26260000	147
20220925 081940	binary	custom	TRUE	TRUE	FALSE	-100	-1	0	0	0	31	154	TRUE	838609	0.0275456203580629	0.323167877245795	4468	482	7841	26160000	148
20220925 082043	binary	custom	TRUE	TRUE	FALSE	-100	-1	0	0	0	31	153	TRUE	838609	0.0894553407199956	0.474720184886669	1916	59	8497	26050000	149
20220925 082632	binary	custom	TRUE	TRUE	FALSE	-100	-1	0	0	0	31	1085	TRUE	838609	0.00571256522391239	0.202769334094564	911	29	7521	26800000	150
20220925 082946	binary	custom	TRUE	TRUE	FALSE	-100	-1	0	0	0	31	528	TRUE	838609	0.0107589010339857	0.249503088606602	798	34	7527	26630000	151
20220925 083200	binary	custom	TRUE	TRUE	FALSE	-100	-1	0	0	0	31	269	TRUE	838609	0.0562033373922323	0.994965112207686	741	191	6487	25990000	152
20220925 083459	binary	custom	TRUE	TRUE	FALSE	-100	-1	0	0	0	31	723	TRUE	838609	0.0148068217759502	0.701721419400627	3883	35	7972	26140000	153
20220925 083528	binary	custom	TRUE	TRUE	FALSE	-100	-1	0	0	0	31	67	TRUE	838609	0.0554456786374155	0.99125598477883	1160	16	9869	26510000	154
20220925 083639	binary	custom	TRUE	TRUE	FALSE	-100	-1	0	0	0	31	222	TRUE	838609	0.0703851313352677	0.920769985459532	2241	50	9531	25900000	155
20220925 083717	binary	custom	TRUE	TRUE	FALSE	-100	-1	0	0	0	31	67	TRUE	838609	0.0717426358448062	0.552503521254857	2329	19	7220	25400000	156
20220925 083901	binary	custom	TRUE	TRUE	FALSE	-100	-1	0	0	0	31	115	TRUE	838609	0.0283264112548959	0.681670817828649	781	491	7864	27080000	157
20220925 084031	binary	custom	TRUE	TRUE	FALSE	-100	-1	0	0	0	31	115	TRUE	838609	0.0217872889123477	0.280180438961601	1782	1017	7928	27110000	158
20220925 084403	binary	custom	TRUE	TRUE	FALSE	-100	-1	0	0	0	31	338	TRUE	838609	0.0320832624943718	0.751430906246448	775	283	7975	27410000	159
20220925 084558	binary	custom	TRUE	TRUE	FALSE	-100	-1	0	0	0	31	209	TRUE	838609	0.0313706016357572	0.799772070335767	830	110	8695	26930000	160
20220925 084745	binary	custom	TRUE	TRUE	FALSE	-100	-1	0	0	0	31	149	TRUE	838609	0.0324355672510552	0.778156978085835	812	765	7855	26610000	161
20220925 085205	binary	custom	TRUE	TRUE	FALSE	-100	-1	0	0	0	31	822	TRUE	838609	0.0195471448468932	0.315837851687604	1761	980	10917	26650000	162
20220925 085520	binary	custom	TRUE	TRUE	FALSE	-100	-1	0	0	0	31	639	TRUE	838609	0.0153378902923818	0.340676390757435	3746	936	11510	25940000	163
20220925 085605	binary	custom	TRUE	TRUE	FALSE	-100	-1	0	0	0	31	116	TRUE	838609	0.0970084112179455	0.235852308188841	2402	664	9347	26350000	164
20220925 085710	binary	custom	TRUE	TRUE	FALSE	-100	-1	0	0	0	31	115	TRUE	838609	0.0937222489605173	0.247611382795396	903	174	9687	27270000	165
20220925 085752	binary	custom	TRUE	TRUE	FALSE	-100	-1	0	0	0	31	44	TRUE	838609	0.0926402843577301	0.225189095942209	1013	824	9745	26350000	166
20220925 085844	binary	custom	TRUE	TRUE	FALSE	-100	-1	0	0	0	31	148	TRUE	838609	0.0961507112807137	0.27205846721199	801	40	9116	26490000	167
20220925 085950	binary	custom	TRUE	TRUE	FALSE	-100	-1	0	0	0	31	270	TRUE	838609	0.0935267945262706	0.224392108219284	1396	28	10139	26930000	168
20220925 090104	binary	custom	TRUE	TRUE	FALSE	-100	-1	0	0	0	31	166	TRUE	838609	0.0918336604326604	0.300552659440453	573	88	10051	26220000	169
20220925 090348	binary	custom	TRUE	TRUE	FALSE	-100	-1	0	0	0	31	415	TRUE	838609	0.022012813993705	0.288146620876756	1779	616	13101	25080000	170
20220925 090409	binary	custom	TRUE	TRUE	FALSE	-100	-1	0	0	0	31	22	TRUE	838609	0.273575249837884	0.612179920305675	3036	753	8821	25560000	171
20220925 090436	binary	custom	TRUE	TRUE	FALSE	-100	-1	0	0	0	31	24	TRUE	838609	0.26547238725417	0.474488767651194	1386	736	9197	24490000	172
20220925 090503	binary	custom	TRUE	TRUE	FALSE	-100	-1	0	0	0	31	65	TRUE	838609	0.267220094471297	0.543026345851693	4773	387	9598	25130000	173
20220925 090647	binary	custom	TRUE	TRUE	FALSE	-100	-1	0	0	0	31	255	TRUE	838609	0.0212014012267234	0.465131762752901	5477	66	7788	26430000	174
20220925 090741	binary	custom	TRUE	TRUE	FALSE	-100	-1	0	0	0	31	155	TRUE	838609	0.0319047769305694	0.710231275895637	5686	104	8006	26150000	175
20220925 090852	binary	custom	TRUE	TRUE	FALSE	-100	-1	0	0	0	31	179	TRUE	838609	0.0226911606993682	0.859348231572947	4944	31	7794	26020000	176
20220925 090934	binary	custom	TRUE	TRUE	FALSE	-100	-1	0	0	0	31	87	TRUE	838609	0.0408745833077163	0.840984413084388	4810	33	8966	25830000	177
20220925 091119	binary	custom	TRUE	TRUE	FALSE	-100	-1	0	0	0	31	418	TRUE	838609	0.0249220355236157	0.635300093016867	5789	570	9844	26480000	178
20220925 091307	binary	custom	TRUE	TRUE	FALSE	-100	-1	0	0	0	31	332	TRUE	838609	0.0205369601864534	0.322846671350311	5801	900	9582	26520000	179
20220925 091423	binary	custom	TRUE	TRUE	FALSE	-100	-1	0	0	0	31	195	TRUE	838609	0.0265072450538424	0.364037809393671	6589	401	8903	25720000	180
20220925 091619	binary	custom	TRUE	TRUE	FALSE	-100	-1	0	0	0	31	476	TRUE	838609	0.0186123528595816	0.702182787116879	6055	141	9591	26340000	181
20220925 091750	binary	custom	TRUE	TRUE	FALSE	-100	-1	0	0	0	31	203	TRUE	838609	0.0201081473201379	0.593248623584672	4950	869	10007	26150000	182
20220925 091956	binary	custom	TRUE	TRUE	FALSE	-100	-1	0	0	0	31	384	TRUE	838609	0.0217742722927048	0.491469922295787	5867	199	11518	25770000	183
20220925 092109	binary	custom	TRUE	TRUE	FALSE	-100	-1	0	0	0	31	221	TRUE	838609	0.0224175210648994	0.752874956741301	6117	1015	8528	26230000	184
20220925 092205	binary	custom	TRUE	TRUE	FALSE	-100	-1	0	0	0	31	197	TRUE	838609	0.0371725667095586	0.698921222186519	6074	818	9975	26210000	185
20220925 092340	binary	custom	TRUE	TRUE	FALSE	-100	-1	0	0	0	31	450	TRUE	838609	0.0293734166210081	0.976802859004221	5997	422	9946	26190000	186
20220925 092425	binary	custom	TRUE	TRUE	FALSE	-100	-1	0	0	0	31	126	TRUE	838609	0.0390621072185256	0.984012398906798	6325	723	7652	26060000	187
20220925 092517	binary	custom	TRUE	TRUE	FALSE	-100	-1	0	0	0	31	190	TRUE	838609	0.0423733072142137	0.78070871079721	7091	78	9320	26640000	188
20220925 092558	binary	custom	TRUE	TRUE	FALSE	-100	-1	0	0	0	31	125	TRUE	838609	0.045445444544365	0.949903195448423	6486	454	10082	25920000	189
20220925 092653	binary	custom	TRUE	TRUE	FALSE	-100	-1	0	0	0	31	205	TRUE	838609	0.0351641906986484	0.830321794264074	7564	491	9303	26360000	190
20220925 092745	binary	custom	TRUE	TRUE	FALSE	-100	-1	0	0	0	31	133	TRUE	838609	0.0412777493277233	0.605214655238439	7459	671	8225	25790000	191
20220925 092850	binary	custom	TRUE	TRUE	FALSE	-100	-1	0	0	0	31	266	TRUE	838609	0.0382796118578895	0.860480289575055	6996	19	11106	25630000	192
20220925 093000	binary	custom	TRUE	TRUE	FALSE	-100	-1	0	0	0	31	235	TRUE	838609	0.0243595428527338	0.849232762649152	7348	26	9438	26250000	193
20220925 093037	binary	custom	TRUE	TRUE	FALSE	-100	-1	0	0	0	31	87	TRUE	838609	0.0443708930807655	0.879392798912812	7164	121	6526	25030000	194
20220925 093132	binary	custom	TRUE	TRUE	FALSE	-100	-1	0	0	0	31	127	TRUE	838609	0.0433988161027608	0.425947140992381	6089	225	9463	26280000	195
20220925 093220	binary	custom	TRUE	TRUE	FALSE	-100	-1	0	0	0	31	95	TRUE	838609	0.049930832425814	0.548632455857219	6997	19	9555	26090000	196
20220925 093404	binary	custom	TRUE	TRUE	FALSE	-100	-1	0	0	0	31	385	TRUE	838609	0.0205520580314871	0.626855129274597	7480	1018	10129	26230000	197
20220925 093548	binary	custom	TRUE	TRUE	FALSE	-100	-1	0	0	0	31	440	TRUE	838609	0.020389040116765	0.999105893611536	6710	739	10293	25900000	198
20220925 093709	binary	custom	TRUE	TRUE	FALSE	-100	-1	0	0	0	31	165	TRUE	838609	0.0941713393853469	0.581499394007825	1100	186	9627	26110000	199
20220925 093947	binary	custom	TRUE	TRUE	FALSE	-100	-1	0	0	0	31	265	TRUE	838609	0.0316404636811366	0.705048975954398	683	168	7860	26360000	200
20220925 094128	binary	custom	TRUE	TRUE	FALSE	-100	-1	0	0	0	31	141	TRUE	838609	0.0321898912996101	0.902209882192386	881	254	8626	27150000	201
20220925 094255	binary	custom	TRUE	TRUE	FALSE	-100	-1	0	0	0	31	126	TRUE	838609	0.0324410247762681	0.787079698211903	1107	230	8433	26580000	202
20220925 094510	binary	custom	TRUE	TRUE	FALSE	-100	-1	0	0	0	31	214	TRUE	838609	0.019450786726921	0.32000642780176	1314	883	8186	27070000	203
20220925 094711	binary	custom	TRUE	TRUE	FALSE	-100	-1	0	0	0	31	162	TRUE	838609	0.0320394958067163	0.769972504736556	719	427	8909	26670000	204
20220925 094842	binary	custom	TRUE	TRUE	FALSE	-100	-1	0	0	0	31	94	TRUE	838609	0.0320883587476647	0.861636670852283	818	254	7783	26360000	205
20220925 095000	binary	custom	TRUE	TRUE	FALSE	-100	-1	0	0	0	31	90	TRUE	838609	0.0330771012022278	0.345831763531415	1344	849	7972	26540000	206
20220925 095134	binary	custom	TRUE	TRUE	FALSE	-100	-1	0	0	0	31	140	TRUE	838609	0.0350360574166209	0.666440177715337	957	596	8074	26660000	207
20220925 095209	binary	custom	TRUE	TRUE	FALSE	-100	-1	0	0	0	31	74	TRUE	838609	0.0937451632095347	0.205323044305087	1684	23	9690	26780000	208
20220925 095403	binary	custom	TRUE	TRUE	FALSE	-100	-1	0	0	0	31	172	TRUE	838609	0.0290855133161411	0.758903013074386	895	373	8015	26610000	209
20220925 095542	binary	custom	TRUE	TRUE	FALSE	-100	-1	0	0	0	31	161	TRUE	838609	0.0348008207028526	0.63646031287528	1061	294	8683	26480000	210
20220925 095720	binary	custom	TRUE	TRUE	FALSE	-100	-1	0	0	0	31	153	TRUE	838609	0.0363919554850713	0.77174928838268	912	288	7966	26630000	211
20220925 100122	binary	custom	TRUE	TRUE	FALSE	-100	-1	0	0	0	31	368	TRUE	838609	0.0297706988666884	0.697831754819828	499	279	8011	27020000	212
20220925 100340	binary	custom	TRUE	TRUE	FALSE	-100	-1	0	0	0	31	256	TRUE	838609	0.01389481111278	0.309428996157924	2568	84	7830	27300000	213
20220925 100552	binary	custom	TRUE	TRUE	FALSE	-100	-1	0	0	0	31	257	TRUE	838609	0.0210102156971918	0.276067812242011	1696	930	8017	26850000	214
20220925 100903	binary	custom	TRUE	TRUE	FALSE	-100	-1	0	0	0	31	353	TRUE	838609	0.015235779166994	0.399786831004311	1462	125	7713	26900000	215
20220925 101144	binary	custom	TRUE	TRUE	FALSE	-100	-1	0	0	0	31	253	TRUE	838609	0.0127758991228586	0.441788095371798	2362	65	8302	26440000	216
20220925 101334	binary	custom	TRUE	TRUE	FALSE	-100	-1	0	0	0	31	180	TRUE	838609	0.031207977581811	0.504425809358503	1333	536	7872	26580000	217
20220925 101453	binary	custom	TRUE	TRUE	FALSE	-100	-1	0	0	0	31	102	TRUE	838609	0.0273116586685472	0.252944054022812	1567	697	8023	26600000	218
20220925 101732	binary	custom	TRUE	TRUE	FALSE	-100	-1	0	0	0	31	317	TRUE	838609	0.011163092605753	0.270458257297977	2956	110	7783	26840000	219
20220925 101952	binary	custom	TRUE	TRUE	FALSE	-100	-1	0	0	0	31	291	TRUE	838609	0.0177997990801176	0.46584866066175	2704	99	7884	26320000	220
20220925 102140	binary	custom	TRUE	TRUE	FALSE	-100	-1	0	0	0	31	174	TRUE	838609	0.0244175429538174	0.417865261994933	1675	796	7779	26530000	221
20220925 102332	binary	custom	TRUE	TRUE	FALSE	-100	-1	0	0	0	31	178	TRUE	838609	0.0212458190267415	0.234125535706139	1417	826	8115	27210000	222
20220925 102542	binary	custom	TRUE	TRUE	FALSE	-100	-1	0	0	0	31	254	TRUE	838609	0.0333782056493722	0.633834444255245	976	404	8342	26760000	223
20220925 102748	binary	custom	TRUE	TRUE	FALSE	-100	-1	0	0	0	31	208	TRUE	838609	0.0200714228586387	0.635552743911054	1339	472	7833	26340000	224
20220925 102948	binary	custom	TRUE	TRUE	FALSE	-100	-1	0	0	0	31	239	TRUE	838609	0.0192338132610639	0.293323391190804	2066	862	8423	27080000	225
20220925 103153	binary	custom	TRUE	TRUE	FALSE	-100	-1	0	0	0	31	246	TRUE	838609	0.0211889601273699	0.331868531640443	1709	794	8288	26950000	226
20220925 103349	binary	custom	TRUE	TRUE	FALSE	-100	-1	0	0	0	31	209	TRUE	838609	0.0178417662429998	0.337052745553642	2467	955	8418	26850000	227
20220925 103559	binary	custom	TRUE	TRUE	FALSE	-100	-1	0	0	0	31	148	TRUE	838609	0.0152722611111244	0.286103079438396	1423	171	7402	26560000	228
20220925 103800	binary	custom	TRUE	TRUE	FALSE	-100	-1	0	0	0	31	110	TRUE	838609	0.0185342565184493	0.22010428987751	981	1005	7855	26610000	229
20220925 104208	binary	custom	TRUE	TRUE	FALSE	-100	-1	0	0	0	31	445	TRUE	838609	0.02236919980175	0.348887442358512	756	820	8003	26960000	230
20220925 104258	binary	custom	TRUE	TRUE	FALSE	-100	-1	0	0	0	31	91	TRUE	838609	0.0877536880003233	0.249211268203301	1529	107	9721	26960000	231
20220925 104444	binary	custom	TRUE	TRUE	FALSE	-100	-1	0	0	0	31	149	TRUE	838609	0.0424191752609392	0.673494578796718	718	492	7966	26870000	232
20220925 104647	binary	custom	TRUE	TRUE	FALSE	-100	-1	0	0	0	31	154	TRUE	838609	0.0178757872812177	0.243243298406742	1260	725	8394	26980000	233
20220925 104851	binary	custom	TRUE	TRUE	FALSE	-100	-1	0	0	0	31	139	TRUE	838609	0.0172366437772477	0.275918145765155	1250	787	8116	26570000	234
20220925 105050	binary	custom	TRUE	TRUE	FALSE	-100	-1	0	0	0	31	204	TRUE	838609	0.0206542113123117	0.323274798511829	1866	731	8601	27040000	235
20220925 105352	binary	custom	TRUE	TRUE	FALSE	-100	-1	0	0	0	31	396	TRUE	838609	0.0213742346389592	0.372325965239441	1305	844	8523	26800000	236
20220925 105445	binary	custom	TRUE	TRUE	FALSE	-100	-1	0	0	0	31	61	TRUE	838609	0.0941870622821547	0.210682928675732	763	128	9731	26380000	237
20220925 105627	binary	custom	TRUE	TRUE	FALSE	-100	-1	0	0	0	31	164	TRUE	838609	0.0230887843379239	0.331885190241688	1801	659	8432	26820000	238
20220925 105658	binary	custom	TRUE	TRUE	FALSE	-100	-1	0	0	0	31	47	TRUE	838609	0.0821169017304732	0.298231922667599	1640	19	9702	25800000	239
20220925 105745	binary	custom	TRUE	TRUE	FALSE	-100	-1	0	0	0	31	74	TRUE	838609	0.0880109012295412	0.231288941652052	1427	180	9682	26320000	240
20220925 110043	binary	custom	TRUE	TRUE	FALSE	-100	-1	0	0	0	31	344	TRUE	838609	0.0397396014217533	0.747902544610551	696	206	7725	26390000	241
20220925 110248	binary	custom	TRUE	TRUE	FALSE	-100	-1	0	0	0	31	282	TRUE	838609	0.0177774234160741	0.393427941173504	3598	880	8506	26430000	242
20220925 110453	binary	custom	TRUE	TRUE	FALSE	-100	-1	0	0	0	31	219	TRUE	838609	0.0323242389972166	0.745187222757951	570	118	8234	26980000	243
20220925 110920	binary	custom	TRUE	TRUE	FALSE	-100	-1	0	0	0	31	260	TRUE	838609	0.0323577422612862	0.485941352664159	281	306	8092	26860000	244
20220925 111038	binary	custom	TRUE	TRUE	FALSE	-100	-1	0	0	0	31	106	TRUE	838609	0.0944482200929026	0.270670727261555	668	221	9662	26600000	245
20220925 111156	binary	custom	TRUE	TRUE	FALSE	-100	-1	0	0	0	31	129	TRUE	838609	0.0449515570729774	0.344478026342602	1337	585	7974	26380000	246
20220925 111443	binary	custom	TRUE	TRUE	FALSE	-100	-1	0	0	0	31	284	TRUE	838609	0.011837708727417	0.324068276115816	2096	234	7884	26800000	247
20220925 111732	binary	custom	TRUE	TRUE	FALSE	-100	-1	0	0	0	31	418	TRUE	838609	0.0283747856441	0.322849205424559	1315	986	9296	27090000	248
20220925 111923	binary	custom	TRUE	TRUE	FALSE	-100	-1	0	0	0	31	154	TRUE	838609	0.0213683772327496	0.234708769455541	1281	197	7197	26570000	249
20220925 112420	binary	custom	TRUE	TRUE	FALSE	-100	-1	0	0	0	31	402	TRUE	838609	0.01060141695841	0.354103443669988	845	599	7322	27040000	250
20220925 112823	binary	custom	TRUE	TRUE	FALSE	-100	-1	0	0	0	31	437	TRUE	838609	0.0096310928458838	0.376476672018249	1814	546	7790	26420000	251
20220925 113512	binary	custom	TRUE	TRUE	FALSE	-100	-1	0	0	0	31	112	TRUE	838609	0.0165048220849206	0.350368208610999	189	934	7234	26900000	252
20220925 113732	binary	custom	TRUE	TRUE	FALSE	-100	-1	0	0	0	31	198	TRUE	838609	0.0327633033887731	0.75108182809238	658	776	7699	26610000	253
20220925 114626	binary	custom	TRUE	TRUE	FALSE	-100	-1	0	0	0	31	553	TRUE	838609	0.0248234805354668	0.68702682212089	141	448	8593	26420000	254
20220925 114739	binary	custom	TRUE	TRUE	FALSE	-100	-1	0	0	0	31	132	TRUE	838609	0.0435964067071863	0.835450036619176	1372	608	7749	26990000	255
20220925 114833	binary	custom	TRUE	TRUE	FALSE	-100	-1	0	0	0	31	117	TRUE	838609	0.0928187478620296	0.250915622155891	1644	227	10212	26780000	256
20220925 114923	binary	custom	TRUE	TRUE	FALSE	-100	-1	0	0	0	31	92	TRUE	838609	0.091027650866824	0.250695950047432	987	62	8566	26470000	257
20220925 115128	binary	custom	TRUE	TRUE	FALSE	-100	-1	0	0	0	31	178	TRUE	838609	0.0244772747437315	0.900043468215842	923	683	8667	26990000	258
20220925 115320	binary	custom	TRUE	TRUE	FALSE	-100	-1	0	0	0	31	169	TRUE	838609	0.0320000727580242	0.753774015430492	816	109	7982	27080000	259
20220925 115531	binary	custom	TRUE	TRUE	FALSE	-100	-1	0	0	0	31	262	TRUE	838609	0.0196252981317205	0.75008273932034	735	71	8804	26640000	260
20220925 115709	binary	custom	TRUE	TRUE	FALSE	-100	-1	0	0	0	31	196	TRUE	838609	0.0333062121978002	0.823636902184306	1335	221	8735	25970000	261
20220925 115818	binary	custom	TRUE	TRUE	FALSE	-100	-1	0	0	0	31	101	TRUE	838609	0.0515284928328126	0.838521531708275	1078	199	7540	26520000	262
20220925 120102	binary	custom	TRUE	TRUE	FALSE	-100	-1	0	0	0	31	336	TRUE	838609	0.0178432085186187	0.354550740061696	1628	637	7557	26970000	263
20220925 120316	binary	custom	TRUE	TRUE	FALSE	-100	-1	0	0	0	31	215	TRUE	838609	0.0322857013141596	0.906444680306351	801	981	7795	26570000	264
20220925 120532	binary	custom	TRUE	TRUE	FALSE	-100	-1	0	0	0	31	292	TRUE	838609	0.0307387246187728	0.89650165891453	1057	587	9945	26910000	265
20220925 120934	binary	custom	TRUE	TRUE	FALSE	-100	-1	0	0	0	31	281	TRUE	838609	0.0270880000055383	0.322397282786466	454	939	7993	26420000	266
20220925 121100	binary	custom	TRUE	TRUE	FALSE	-100	-1	0	0	0	31	135	TRUE	838609	0.0277411023585173	0.322096432871574	2032	967	8903	2.7e+07	267
20220925 121206	binary	custom	TRUE	TRUE	FALSE	-100	-1	0	0	0	31	69	TRUE	838609	0.0318000226320632	0.747690693974474	1527	267	8475	26170000	268
20220925 121335	binary	custom	TRUE	TRUE	FALSE	-100	-1	0	0	0	31	147	TRUE	838609	0.0284128114021491	0.692689580431585	1477	208	7502	26520000	269
20220925 121759	binary	custom	TRUE	TRUE	FALSE	-100	-1	0	0	0	31	381	TRUE	838609	0.0143256536694532	0.349688205675857	1098	947	8994	27540000	270
20220925 122259	binary	custom	TRUE	TRUE	FALSE	-100	-1	0	0	0	31	530	TRUE	838609	0.0157649036328418	0.354381630654026	828	941	9456	27490000	271
20220925 122634	binary	custom	TRUE	TRUE	FALSE	-100	-1	0	0	0	31	396	TRUE	838609	0.0168802810624297	0.349291133082776	1136	976	9583	27160000	272
20220925 123208	binary	custom	TRUE	TRUE	FALSE	-100	-1	0	0	0	31	489	TRUE	838609	0.0137247302080005	0.353085382693454	719	962	8755	27530000	273
20220925 123655	binary	custom	TRUE	TRUE	FALSE	-100	-1	0	0	0	31	507	TRUE	838609	0.0132145182850196	0.355659174371765	983	725	9011	26860000	274
20220925 124106	binary	custom	TRUE	TRUE	FALSE	-100	-1	0	0	0	31	339	TRUE	838609	0.0151073705296514	0.345860245336752	761	910	8479	26890000	275
20220925 124340	binary	custom	TRUE	TRUE	FALSE	-100	-1	0	0	0	31	46	TRUE	838609	0.0298364947706818	0.751262833042703	146	369	8312	26340000	276
20220925 124748	binary	custom	TRUE	TRUE	FALSE	-100	-1	0	0	0	31	375	TRUE	838609	0.00928083562334312	0.349691945403113	1481	806	7271	26980000	277
20220925 125057	binary	custom	TRUE	TRUE	FALSE	-100	-1	0	0	0	31	251	TRUE	838609	0.0167481074636658	0.353106699481645	1005	1021	7424	2.7e+07	278
20220925 125750	binary	custom	TRUE	TRUE	FALSE	-100	-1	0	0	0	31	644	TRUE	838609	0.0144376024213879	0.353747632090297	602	1024	9364	27440000	279
20220925 130050	binary	custom	TRUE	TRUE	FALSE	-100	-1	0	0	0	31	261	TRUE	838609	0.0190814583489376	0.675904729693064	761	357	7045	26310000	280
20220925 130339	binary	custom	TRUE	TRUE	FALSE	-100	-1	0	0	0	31	449	TRUE	838609	0.0286724384659354	0.892209863753836	1155	86	8274	26580000	281
20220925 130648	binary	custom	TRUE	TRUE	FALSE	-100	-1	0	0	0	31	410	TRUE	838609	0.0271491815902015	0.903720407035294	244	113	9621	26200000	282
20220925 130904	binary	custom	TRUE	TRUE	FALSE	-100	-1	0	0	0	31	273	TRUE	838609	0.0159448100597037	0.35191832737936	2735	451	8294	26940000	283
20220925 131009	binary	custom	TRUE	TRUE	FALSE	-100	-1	0	0	0	31	81	TRUE	838609	0.0388613095962301	0.899490413719748	1414	673	8753	26420000	284
20220925 131339	binary	custom	TRUE	TRUE	FALSE	-100	-1	0	0	0	31	261	TRUE	838609	0.0213127563809139	0.353744908776572	633	870	8989	27310000	285
20220925 132523	binary	custom	TRUE	TRUE	FALSE	-100	-1	0	0	0	31	437	TRUE	838609	0.00682802224887006	0.351714890945086	158	305	5878	25930000	286
20220925 133336	binary	custom	TRUE	TRUE	FALSE	-100	-1	0	0	0	31	587	TRUE	838609	0.0154789082459716	0.353278553707091	814	978	9016	27570000	287
20220925 133825	binary	custom	TRUE	TRUE	FALSE	-100	-1	0	0	0	31	204	TRUE	838609	0.0135337587350937	0.366955966404436	629	1013	7282	26720000	288
20220925 134301	binary	custom	TRUE	TRUE	FALSE	-100	-1	0	0	0	31	431	TRUE	838609	0.0129382527097598	0.843740311976208	1287	769	8592	26500000	289
20220925 134723	binary	custom	TRUE	TRUE	FALSE	-100	-1	0	0	0	31	339	TRUE	838609	0.0256013337143904	0.361327473869689	685	944	10021	27160000	290
20220925 135026	binary	custom	TRUE	TRUE	FALSE	-100	-1	0	0	0	31	100	TRUE	838609	0.0227892905521715	0.391981093827064	577	895	7820	27160000	291
20220925 135431	binary	custom	TRUE	TRUE	FALSE	-100	-1	0	0	0	31	336	TRUE	838609	0.0139138797201658	0.350638860329973	1734	908	8566	26790000	292
20220925 135721	binary	custom	TRUE	TRUE	FALSE	-100	-1	0	0	0	31	250	TRUE	838609	0.0242714775571365	0.390196718666462	1668	720	7324	26800000	293
20220925 140100	binary	custom	TRUE	TRUE	FALSE	-100	-1	0	0	0	31	200	TRUE	838609	0.0205022383925844	0.38695348456029	706	753	9736	26850000	294
20220925 140649	binary	custom	TRUE	TRUE	FALSE	-100	-1	0	0	0	31	135	TRUE	838609	0.0195625340960467	0.404287745850836	279	539	7109	26670000	295
20220925 141317	binary	custom	TRUE	TRUE	FALSE	-100	-1	0	0	0	31	211	TRUE	838609	0.0262213033089776	0.378725392560598	261	752	7619	26290000	296
20220925 141832	binary	custom	TRUE	TRUE	FALSE	-100	-1	0	0	0	31	437	TRUE	838609	0.028394046566571	0.395716688677284	799	240	8634	27060000	297
20220925 142045	binary	custom	TRUE	TRUE	FALSE	-100	-1	0	0	0	31	137	TRUE	838609	0.0905674784356989	0.246973475019921	151	279	10395	25930000	298
20220925 142408	binary	custom	TRUE	TRUE	FALSE	-100	-1	0	0	0	31	310	TRUE	838609	0.0293893280260844	0.651458809617628	446	177	8051	27100000	299
20220925 142805	binary	custom	TRUE	TRUE	FALSE	-100	-1	0	0	0	31	395	TRUE	838609	0.0301367556852852	0.389078958557779	1245	566	9989	27070000	300
20220925 143116	binary	custom	TRUE	TRUE	FALSE	-100	-1	0	0	0	31	173	TRUE	838609	0.0317062585568861	0.415774259063159	677	699	9178	26930000	301
20220925 144029	binary	custom	TRUE	TRUE	FALSE	-100	-1	0	0	0	31	741	TRUE	838609	0.0100073566401223	0.351037090404983	824	1010	8794	27380000	302
20220925 144319	binary	custom	TRUE	TRUE	FALSE	-100	-1	0	0	0	31	144	TRUE	838609	0.0276675239490521	0.399824229284481	742	939	9851	26540000	303
20220925 144537	binary	custom	TRUE	TRUE	FALSE	-100	-1	0	0	0	31	260	TRUE	838609	0.0426948937879169	0.766413448975227	1416	1001	7522	26160000	304
20220925 144748	binary	custom	TRUE	TRUE	FALSE	-100	-1	0	0	0	31	157	TRUE	838609	0.0339042838741331	0.395983953928399	1330	107	8985	26590000	305
20220925 145251	binary	custom	TRUE	TRUE	FALSE	-100	-1	0	0	0	31	83	TRUE	838609	0.0305244528623464	0.643008345266733	173	919	7437	26090000	306
20220925 145446	binary	custom	TRUE	TRUE	FALSE	-100	-1	0	0	0	31	170	TRUE	838609	0.0297534489051791	0.672324811378507	617	107	9135	26610000	307
20220925 145939	binary	custom	TRUE	TRUE	FALSE	-100	-1	0	0	0	31	438	TRUE	838609	0.0303055408377663	0.353936644671642	704	705	11028	26750000	308
20220925 150345	binary	custom	TRUE	TRUE	FALSE	-100	-1	0	0	0	31	432	TRUE	838609	0.0137036285707961	0.738934479831112	875	104	8030	27220000	309
20220925 150946	binary	custom	TRUE	TRUE	FALSE	-100	-1	0	0	0	31	661	TRUE	838609	0.0133875095541591	0.709844772989792	395	143	8454	26700000	310
